3
0
2
5
7
9
1
4
6
8
10
11
13
12
18
19
16
14
20
21
15
17
23
22
24
25
29
26
31
30
28
32
27
33
37
35
34
36
39
40
42
38
41
44
47
45
48
43
46
51
52
49
53
50
56
57
59
55
61
58
54
60
64
62
67
63
65
70
66
69
71
68
72
74
78
77
76
75
73
79
81
80
82
86
85
83
87
88
90
89
84
91
92
96
95
100
93
94
99
102
98
101
97
104
103
108
106
105
112
110
111
107
113
109
115
114
118
117
119
116
120
122
121
123
124
125
126
128
132
127
133
129
131
130
134
135
136
141
139
138
137
142
144
140
146
148
143
145
149
147
150
151
152
156
155
158
153
157
159
161
160
154
163
162
166
167
164
169
165
168
170
172
171
173
176
175
174
180
181
178
182
177
179
183
184
185
188
189
191
187
186
192
190
194
193
195
197
200
198
202
203
199
196
201
206
204
208
207
205
209
211
210
213
212
215
214
216
217
220
218
219
221
222
223
229
225
228
227
226
232
231
224
233
230
235
236
234
237
240
243
238
244
241
242
239
247
249
245
252
248
250
251
255
246
253
254
257
258
256
262
259
261
263
260
264
265
271
270
268
266
272
267
274
273
269
275
280
281
277
282
278
276
279
283
285
284
286
289
287
293
291
288
290
292
295
298
294
297
296
303
300
299
301
302
304
306
305
307
309
308
311
310
314
316
312
313
315
317
318
321
320
319
325
323
322
326
324
327
332
329
330
328
331
336
335
334
337
333
339
338
341
342
340
345
343
344
346
348
349
347
350
354
353
351
352
355
359
356
357
362
363
361
358
366
364
365
360
368
369
370
372
371
373
367
