3
5
0
8
1
4
2
9
6
7
10
11
12
13
15
16
18
19
21
14
22
23
20
17
24
26
28
29
25
30
27
32
31
33
34
37
38
40
36
39
35
43
41
42
44
50
48
46
51
45
47
49
52
53
57
55
59
58
54
61
56
60
63
62
64
67
66
71
65
70
68
72
69
74
73
76
79
80
75
81
78
82
77
83
86
84
88
85
90
91
89
87
92
94
95
96
93
97
100
98
99
104
102
101
103
106
105
107
108
110
113
109
114
115
111
112
117
116
119
120
121
118
124
122
123
125
127
126
130
128
131
132
129
133
136
134
137
139
135
138
142
141
140
144
145
143
146
149
147
148
150
151
153
152
157
156
159
158
161
155
154
163
160
164
166
162
169
167
168
165
170
171
172
174
173
176
179
178
181
180
175
183
182
177
185
186
187
184
188
191
189
194
190
193
197
192
196
199
200
195
198
201
202
203
204
206
208
205
207
209
210
211
212
213
214
216
217
220
215
219
218
222
221
224
223
225
227
226
228
230
232
233
235
231
234
229
236
240
238
237
241
239
245
243
242
249
250
248
247
244
246
251
252
254
253
255
257
258
256
259
260
261
262
263
264
266
265
267
269
270
268
271
272
275
277
273
276
280
274
281
279
283
282
278
285
287
286
288
291
289
284
293
292
294
290
299
298
295
297
296
300
302
303
304
301
306
307
305
308
309
311
310
313
314
315
316
318
312
319
321
317
320
325
323
322
324
327
326
329
328
330
332
333
335
334
337
331
336
338
340
339
342
343
341
344
346
345
348
349
350
347
354
351
352
353
355
357
356
359
358
361
362
364
363
371
369
365
372
367
366
368
373
360
370
365
367
368
369
370
371
372
373
